0.253	0.249	0.248	0.25
0.255	0.246	0.242	0.257
0.257	0.244	0.242	0.257
0.258	0.247	0.24	0.255
0.258	0.25	0.237	0.255
0.262	0.25	0.233	0.255
0.263	0.25	0.231	0.256
0.267	0.249	0.229	0.255
0.271	0.244	0.23	0.255
0.274	0.24	0.225	0.261
0.275	0.239	0.222	0.264
0.284	0.236	0.221	0.259
0.289	0.234	0.217	0.26
0.297	0.229	0.21	0.264
0.303	0.229	0.205	0.263
0.306	0.229	0.198	0.267
0.307	0.229	0.197	0.267
0.315	0.228	0.192	0.265
0.317	0.228	0.192	0.263
0.32	0.225	0.19	0.265
0.32	0.224	0.19	0.266
0.321	0.221	0.192	0.266
0.323	0.221	0.189	0.267
0.323	0.221	0.187	0.269
0.326	0.222	0.184	0.268
0.332	0.22	0.179	0.269
0.338	0.215	0.178	0.269
0.339	0.216	0.179	0.266
0.343	0.213	0.177	0.267
0.347	0.213	0.175	0.265
0.348	0.213	0.173	0.266
0.352	0.212	0.167	0.269
0.354	0.212	0.166	0.268
0.353	0.212	0.165	0.27
0.36	0.208	0.163	0.269
0.363	0.21	0.156	0.271
0.363	0.212	0.155	0.27
0.363	0.214	0.151	0.272
0.361	0.214	0.151	0.274
0.36	0.217	0.15	0.273
0.366	0.213	0.15	0.271
0.369	0.212	0.149	0.27
0.374	0.207	0.152	0.267
0.376	0.205	0.153	0.266
0.376	0.205	0.154	0.265
0.374	0.209	0.155	0.262
0.375	0.208	0.155	0.262
0.38	0.206	0.151	0.263
0.383	0.207	0.149	0.261
0.385	0.203	0.148	0.264
0.383	0.206	0.146	0.265
0.38	0.207	0.147	0.266
0.383	0.203	0.148	0.266
0.385	0.202	0.147	0.266
0.38	0.205	0.151	0.264
0.38	0.206	0.148	0.266
0.376	0.21	0.148	0.266
0.379	0.211	0.145	0.265
0.386	0.209	0.141	0.264
0.386	0.209	0.139	0.266
0.386	0.204	0.142	0.268
0.389	0.204	0.137	0.27
0.391	0.204	0.136	0.269
0.392	0.204	0.137	0.267
0.396	0.201	0.136	0.267
0.395	0.203	0.136	0.266
0.397	0.203	0.135	0.265
0.399	0.205	0.134	0.262
0.396	0.208	0.132	0.264
0.399	0.206	0.131	0.264
0.396	0.212	0.127	0.265
0.403	0.211	0.123	0.263
0.406	0.213	0.123	0.258
0.406	0.214	0.12	0.26
0.409	0.213	0.12	0.258
0.412	0.214	0.119	0.255
0.41	0.213	0.123	0.254
0.408	0.215	0.122	0.255
0.409	0.215	0.119	0.257
0.409	0.216	0.122	0.253
0.408	0.216	0.12	0.256
0.416	0.211	0.119	0.254
0.415	0.213	0.117	0.255
0.411	0.218	0.116	0.255
0.408	0.222	0.117	0.253
0.407	0.223	0.118	0.252
0.404	0.226	0.12	0.25
0.405	0.226	0.114	0.255
0.409	0.224	0.115	0.252
0.41	0.225	0.114	0.251
0.41	0.227	0.108	0.255
0.415	0.224	0.105	0.256
0.416	0.224	0.106	0.254
0.414	0.227	0.107	0.252
0.415	0.228	0.108	0.249
0.417	0.229	0.108	0.246
0.425	0.225	0.109	0.241
0.425	0.224	0.109	0.242
0.426	0.225	0.108	0.241
0.427	0.226	0.107	0.24
0.432	0.224	0.105	0.239
0.432	0.226	0.104	0.238
0.438	0.226	0.103	0.233
0.438	0.224	0.108	0.23
0.439	0.227	0.107	0.227
0.437	0.229	0.109	0.225
0.438	0.231	0.106	0.225
0.439	0.227	0.108	0.226
0.438	0.228	0.107	0.227
0.44	0.229	0.107	0.224
0.439	0.229	0.106	0.226
0.435	0.233	0.107	0.225
0.436	0.232	0.108	0.224
0.44	0.233	0.106	0.221
0.438	0.236	0.102	0.224
0.444	0.231	0.103	0.222
0.442	0.231	0.107	0.22
0.444	0.229	0.108	0.219
0.444	0.228	0.105	0.223
0.444	0.229	0.106	0.221
0.446	0.229	0.104	0.221
0.446	0.229	0.106	0.219
0.442	0.232	0.108	0.218
0.443	0.23	0.107	0.22
0.443	0.232	0.107	0.218
0.448	0.23	0.107	0.215
0.449	0.23	0.104	0.217
0.447	0.228	0.106	0.219
0.449	0.226	0.106	0.219
0.452	0.228	0.1	0.22
0.451	0.229	0.101	0.219
0.447	0.234	0.099	0.22
0.446	0.233	0.101	0.22
0.441	0.234	0.105	0.22
0.441	0.237	0.103	0.219
0.441	0.237	0.101	0.221
0.441	0.241	0.1	0.218
0.438	0.243	0.101	0.218
0.437	0.247	0.102	0.214
0.439	0.249	0.102	0.21
0.442	0.245	0.101	0.212
0.444	0.249	0.096	0.211
0.445	0.252	0.093	0.21
0.444	0.254	0.09	0.212
0.445	0.255	0.089	0.211
0.443	0.258	0.085	0.214
0.443	0.257	0.087	0.213
0.444	0.258	0.088	0.21
0.449	0.254	0.088	0.209
0.447	0.254	0.09	0.209
0.445	0.256	0.091	0.208
0.444	0.259	0.091	0.206
0.445	0.258	0.093	0.204
0.442	0.26	0.091	0.207
0.445	0.257	0.091	0.207
0.445	0.258	0.092	0.205
0.451	0.255	0.09	0.204
0.451	0.257	0.086	0.206
0.456	0.255	0.088	0.201
0.454	0.259	0.087	0.2
0.451	0.259	0.089	0.201
0.452	0.259	0.09	0.199
0.458	0.259	0.088	0.195
0.46	0.259	0.089	0.192
0.462	0.26	0.086	0.192
0.466	0.259	0.085	0.19
0.466	0.259	0.08	0.195
0.468	0.254	0.08	0.198
0.47	0.251	0.08	0.199
0.467	0.254	0.085	0.194
0.465	0.256	0.087	0.192
0.461	0.255	0.092	0.192
0.46	0.257	0.09	0.193
0.464	0.255	0.09	0.191
0.461	0.256	0.087	0.196
0.46	0.259	0.089	0.192
0.46	0.258	0.089	0.193
0.456	0.258	0.093	0.193
0.458	0.256	0.092	0.194
0.456	0.255	0.093	0.196
0.455	0.254	0.094	0.197
0.46	0.252	0.093	0.195
0.457	0.252	0.097	0.194
0.457	0.25	0.099	0.194
0.457	0.249	0.1	0.194
0.463	0.247	0.1	0.19
0.462	0.247	0.101	0.19
0.463	0.245	0.101	0.191
0.463	0.248	0.102	0.187
0.458	0.253	0.104	0.185
0.457	0.253	0.106	0.184
0.46	0.254	0.104	0.182
0.458	0.256	0.104	0.182
0.459	0.255	0.101	0.185
0.459	0.257	0.102	0.182
0.456	0.258	0.103	0.183
0.459	0.256	0.102	0.183
0.456	0.258	0.103	0.183
0.454	0.26	0.101	0.185
0.455	0.262	0.099	0.184
0.454	0.262	0.099	0.185
0.457	0.259	0.099	0.185
0.457	0.26	0.097	0.186
0.455	0.259	0.098	0.188
0.454	0.259	0.1	0.187
0.453	0.262	0.098	0.187
0.45	0.266	0.097	0.187
0.443	0.269	0.098	0.19
0.443	0.27	0.1	0.187
0.443	0.27	0.095	0.192
0.443	0.265	0.098	0.194
0.442	0.261	0.101	0.196
0.445	0.26	0.098	0.197
0.446	0.262	0.097	0.195
0.443	0.263	0.096	0.198
0.446	0.261	0.097	0.196
0.446	0.257	0.101	0.196
0.447	0.257	0.1	0.196
0.451	0.255	0.098	0.196
0.449	0.255	0.099	0.197
0.449	0.251	0.1	0.2
0.453	0.249	0.098	0.2
0.454	0.252	0.096	0.198
0.455	0.256	0.092	0.197
0.455	0.257	0.092	0.196
0.459	0.257	0.093	0.191
0.459	0.255	0.096	0.19
0.459	0.255	0.098	0.188
0.46	0.253	0.099	0.188
0.46	0.254	0.098	0.188
0.458	0.257	0.098	0.187
0.462	0.255	0.099	0.184
0.461	0.255	0.1	0.184
0.464	0.253	0.098	0.185
0.466	0.253	0.096	0.185
0.466	0.256	0.095	0.183
0.469	0.253	0.096	0.182
0.476	0.252	0.094	0.178
0.476	0.254	0.094	0.176
0.476	0.254	0.092	0.178
0.479	0.254	0.089	0.178
0.475	0.258	0.09	0.177
0.471	0.264	0.09	0.175
0.467	0.261	0.097	0.175
0.461	0.263	0.099	0.177
0.463	0.262	0.097	0.178
0.459	0.266	0.1	0.175
0.458	0.266	0.103	0.173
0.458	0.263	0.105	0.174
0.458	0.265	0.104	0.173
0.459	0.264	0.101	0.176
0.461	0.264	0.097	0.178
0.461	0.265	0.096	0.178
0.462	0.263	0.097	0.178
0.462	0.265	0.093	0.18
0.465	0.264	0.09	0.181
0.458	0.269	0.091	0.182
0.454	0.273	0.091	0.182
0.456	0.274	0.091	0.179
0.454	0.274	0.093	0.179
0.451	0.275	0.094	0.18
0.453	0.275	0.094	0.178
0.453	0.276	0.089	0.182
0.456	0.273	0.089	0.182
0.457	0.274	0.088	0.181
0.459	0.272	0.088	0.181
0.46	0.273	0.087	0.18
0.456	0.278	0.086	0.18
0.462	0.269	0.089	0.18
0.46	0.274	0.087	0.179
0.456	0.279	0.084	0.181
0.459	0.276	0.085	0.18
0.458	0.276	0.088	0.178
0.46	0.272	0.092	0.176
0.46	0.273	0.092	0.175
0.463	0.27	0.092	0.175
0.462	0.271	0.089	0.178
0.467	0.263	0.09	0.18
0.47	0.261	0.091	0.178
0.467	0.261	0.094	0.178
0.464	0.264	0.094	0.178
0.467	0.266	0.091	0.176
0.467	0.268	0.091	0.174
0.466	0.27	0.092	0.172
0.468	0.269	0.092	0.171
0.466	0.271	0.089	0.174
0.465	0.269	0.091	0.175
0.461	0.274	0.093	0.172
0.462	0.274	0.09	0.174
0.465	0.271	0.09	0.174
0.466	0.272	0.087	0.175
0.463	0.274	0.086	0.177
0.46	0.276	0.088	0.176
0.457	0.279	0.089	0.175
0.457	0.277	0.089	0.177
0.452	0.276	0.092	0.18
0.448	0.278	0.094	0.18
0.446	0.279	0.094	0.181
0.447	0.278	0.097	0.178
0.445	0.277	0.099	0.179
0.446	0.274	0.098	0.182
0.444	0.274	0.099	0.183
0.44	0.279	0.096	0.185
0.437	0.282	0.099	0.182
0.438	0.282	0.097	0.183
0.438	0.282	0.097	0.183
0.438	0.28	0.097	0.185
0.437	0.279	0.099	0.185
0.435	0.282	0.096	0.187
0.439	0.281	0.097	0.183
0.435	0.285	0.097	0.183
0.436	0.284	0.097	0.183
0.437	0.282	0.098	0.183
0.443	0.281	0.096	0.18
0.449	0.28	0.091	0.18
0.448	0.279	0.091	0.182
0.453	0.279	0.09	0.178
0.451	0.281	0.088	0.18
0.455	0.28	0.085	0.18
0.456	0.28	0.083	0.181
0.454	0.278	0.087	0.181
0.454	0.277	0.087	0.182
0.454	0.277	0.086	0.183
0.453	0.28	0.089	0.178
0.454	0.278	0.09	0.178
0.454	0.275	0.093	0.178
0.453	0.273	0.095	0.179
0.45	0.275	0.094	0.181
0.454	0.274	0.091	0.181
0.452	0.277	0.092	0.179
0.452	0.277	0.09	0.181
0.452	0.28	0.091	0.177
0.452	0.277	0.089	0.182
0.453	0.276	0.09	0.181
0.454	0.274	0.092	0.18
0.453	0.276	0.091	0.18
0.452	0.276	0.09	0.182
0.454	0.275	0.091	0.18
0.46	0.273	0.088	0.179
0.458	0.273	0.089	0.18
0.461	0.269	0.095	0.175
0.458	0.271	0.092	0.179
0.453	0.272	0.095	0.18
0.45	0.275	0.095	0.18
0.451	0.276	0.093	0.18
0.456	0.273	0.092	0.179
0.454	0.271	0.097	0.178
0.456	0.272	0.097	0.175
0.457	0.266	0.1	0.177
0.457	0.268	0.098	0.177
0.458	0.27	0.095	0.177
0.458	0.27	0.093	0.179
0.457	0.271	0.094	0.178
0.46	0.269	0.096	0.175
0.46	0.266	0.099	0.175
0.46	0.264	0.102	0.174
0.464	0.264	0.1	0.172
0.464	0.264	0.1	0.172
0.469	0.262	0.099	0.17
0.468	0.266	0.095	0.171
0.469	0.265	0.093	0.173
0.475	0.26	0.09	0.175
0.473	0.262	0.092	0.173
0.474	0.259	0.094	0.173
0.474	0.255	0.098	0.173
0.475	0.253	0.098	0.174
0.479	0.252	0.094	0.175
0.472	0.255	0.097	0.176
0.469	0.257	0.099	0.175
0.468	0.257	0.1	0.175
0.468	0.255	0.102	0.175
0.462	0.255	0.107	0.176
0.461	0.252	0.11	0.177
0.458	0.252	0.113	0.177
0.455	0.251	0.116	0.178
0.455	0.25	0.117	0.178
0.455	0.25	0.114	0.181
0.453	0.25	0.115	0.182
0.454	0.247	0.117	0.182
0.457	0.246	0.117	0.18
0.456	0.249	0.111	0.184
0.455	0.249	0.112	0.184
0.457	0.248	0.111	0.184
0.459	0.244	0.114	0.183
0.464	0.242	0.112	0.182
0.463	0.243	0.109	0.185
0.463	0.246	0.108	0.183
0.465	0.246	0.106	0.183
0.463	0.249	0.103	0.185
0.461	0.25	0.101	0.188
0.461	0.25	0.102	0.187
0.464	0.248	0.102	0.186
0.466	0.245	0.102	0.187
0.472	0.243	0.098	0.187
0.476	0.242	0.096	0.186
0.479	0.241	0.095	0.185
0.483	0.241	0.094	0.182
0.48	0.242	0.095	0.183
0.482	0.243	0.094	0.181
0.479	0.243	0.098	0.18
0.478	0.245	0.098	0.179
0.48	0.245	0.101	0.174
0.482	0.246	0.1	0.172
0.479	0.249	0.099	0.173
0.478	0.25	0.098	0.174
0.472	0.252	0.101	0.175
0.474	0.247	0.104	0.175
0.472	0.251	0.103	0.174
0.473	0.253	0.103	0.171
0.474	0.252	0.106	0.168
0.477	0.251	0.104	0.168
0.48	0.248	0.101	0.171
0.478	0.245	0.104	0.173
0.48	0.245	0.104	0.171
0.482	0.243	0.103	0.172
0.48	0.246	0.101	0.173
0.478	0.248	0.099	0.175
0.477	0.248	0.101	0.174
0.479	0.247	0.1	0.174
0.478	0.251	0.097	0.174
0.48	0.255	0.093	0.172
0.48	0.256	0.091	0.173
0.477	0.253	0.096	0.174
0.481	0.25	0.096	0.173
0.478	0.254	0.096	0.172
0.476	0.256	0.098	0.17
0.482	0.254	0.094	0.17
0.486	0.251	0.095	0.168
0.488	0.25	0.094	0.168
0.488	0.25	0.095	0.167
0.491	0.248	0.092	0.169
0.494	0.246	0.092	0.168
0.493	0.248	0.091	0.168
0.495	0.248	0.089	0.168
0.497	0.247	0.091	0.165
0.501	0.245	0.09	0.164
0.502	0.245	0.087	0.166
0.501	0.247	0.083	0.169
0.497	0.251	0.084	0.168
0.494	0.253	0.085	0.168
0.496	0.25	0.086	0.168
0.502	0.25	0.083	0.165
0.501	0.252	0.083	0.164
0.505	0.25	0.081	0.164
0.503	0.251	0.077	0.169
0.501	0.251	0.08	0.168
0.498	0.252	0.079	0.171
0.496	0.253	0.08	0.171
0.495	0.253	0.079	0.173
0.496	0.251	0.08	0.173
0.497	0.25	0.078	0.175
0.498	0.252	0.077	0.173
0.5	0.253	0.077	0.17
0.505	0.25	0.076	0.169
0.502	0.248	0.081	0.169
0.503	0.249	0.078	0.17
0.506	0.247	0.077	0.17
0.504	0.247	0.077	0.172
0.508	0.242	0.079	0.171
0.509	0.244	0.079	0.168
0.509	0.245	0.079	0.167
0.508	0.243	0.083	0.166
0.503	0.245	0.086	0.166
0.505	0.243	0.085	0.167
0.503	0.244	0.086	0.167
0.502	0.243	0.087	0.168
0.505	0.243	0.087	0.165
0.504	0.242	0.09	0.164
0.505	0.243	0.09	0.162
0.506	0.242	0.093	0.159
0.503	0.244	0.091	0.162
0.505	0.244	0.089	0.162
0.501	0.246	0.09	0.163
0.501	0.245	0.091	0.163
0.504	0.243	0.093	0.16
0.501	0.246	0.091	0.162
0.5	0.249	0.091	0.16
0.496	0.253	0.095	0.156
0.492	0.252	0.101	0.155
0.486	0.257	0.103	0.154
0.487	0.251	0.105	0.157
0.483	0.253	0.105	0.159
0.482	0.251	0.107	0.16
0.485	0.248	0.105	0.162
0.482	0.253	0.106	0.159
0.483	0.251	0.105	0.161
0.48	0.252	0.105	0.163
0.477	0.255	0.104	0.164
0.475	0.257	0.103	0.165
0.479	0.255	0.102	0.164
0.481	0.252	0.105	0.162
0.479	0.252	0.108	0.161
0.479	0.254	0.105	0.162
0.482	0.254	0.102	0.162
0.483	0.249	0.106	0.162
0.486	0.247	0.108	0.159
0.483	0.248	0.11	0.159
0.485	0.247	0.11	0.158
0.486	0.245	0.111	0.158
0.486	0.246	0.109	0.159
0.485	0.245	0.111	0.159
0.486	0.246	0.112	0.156
0.49	0.242	0.112	0.156
0.49	0.242	0.111	0.157
0.49	0.241	0.113	0.156
0.493	0.24	0.111	0.156
0.496	0.238	0.109	0.157
0.497	0.238	0.11	0.155
0.498	0.239	0.112	0.151
0.496	0.24	0.113	0.151
0.496	0.239	0.114	0.151
0.497	0.238	0.115	0.15
0.496	0.24	0.11	0.154
0.495	0.241	0.111	0.153
0.495	0.24	0.11	0.155
0.495	0.238	0.112	0.155
0.492	0.238	0.113	0.157
0.499	0.235	0.111	0.155
0.499	0.236	0.113	0.152
0.5	0.235	0.113	0.152
0.502	0.235	0.108	0.155
0.5	0.236	0.105	0.159
0.504	0.235	0.104	0.157
0.508	0.234	0.103	0.155
0.509	0.233	0.107	0.151
0.512	0.23	0.108	0.15
0.508	0.232	0.108	0.152
0.509	0.231	0.109	0.151
0.513	0.23	0.107	0.15
0.51	0.233	0.109	0.148
0.515	0.228	0.113	0.144
0.512	0.229	0.116	0.143
0.507	0.231	0.117	0.145
0.505	0.232	0.117	0.146
0.506	0.233	0.118	0.143
0.502	0.24	0.117	0.141
0.504	0.236	0.118	0.142
0.507	0.236	0.115	0.142
0.505	0.238	0.114	0.143
0.508	0.237	0.11	0.145
0.505	0.237	0.112	0.146
0.504	0.235	0.112	0.149
0.498	0.233	0.117	0.152
0.501	0.23	0.117	0.152
0.502	0.23	0.114	0.154
0.499	0.232	0.115	0.154
0.499	0.236	0.112	0.153
0.492	0.237	0.117	0.154
0.491	0.235	0.121	0.153
0.491	0.235	0.12	0.154
0.489	0.232	0.123	0.156
0.488	0.232	0.121	0.159
0.487	0.234	0.119	0.16
0.484	0.236	0.12	0.16
0.486	0.233	0.122	0.159
0.485	0.234	0.124	0.157
0.487	0.234	0.122	0.157
0.489	0.233	0.121	0.157
0.487	0.236	0.12	0.157
0.488	0.237	0.117	0.158
0.489	0.238	0.114	0.159
0.49	0.234	0.115	0.161
0.49	0.234	0.115	0.161
0.493	0.234	0.113	0.16
0.49	0.237	0.11	0.163
0.491	0.239	0.111	0.159
0.491	0.241	0.109	0.159
0.487	0.243	0.109	0.161
0.49	0.24	0.108	0.162
0.486	0.241	0.109	0.164
0.485	0.243	0.107	0.165
0.487	0.239	0.11	0.164
0.487	0.239	0.109	0.165
0.489	0.239	0.107	0.165
0.485	0.24	0.108	0.167
0.486	0.239	0.107	0.168
0.484	0.238	0.111	0.167
0.483	0.239	0.114	0.164
0.482	0.242	0.115	0.161
0.483	0.24	0.114	0.163
0.486	0.238	0.112	0.164
0.483	0.236	0.118	0.163
0.482	0.237	0.12	0.161
0.478	0.237	0.124	0.161
0.475	0.239	0.124	0.162
0.471	0.24	0.129	0.16
0.472	0.241	0.129	0.158
0.472	0.241	0.129	0.158
0.467	0.247	0.128	0.158
0.471	0.246	0.126	0.157
0.47	0.244	0.128	0.158
0.472	0.244	0.125	0.159
0.474	0.243	0.124	0.159
0.473	0.246	0.124	0.157
0.474	0.244	0.125	0.157
0.475	0.242	0.123	0.16
0.473	0.242	0.126	0.159
0.47	0.24	0.131	0.159
0.466	0.241	0.13	0.163
0.467	0.242	0.132	0.159
0.467	0.24	0.134	0.159
0.466	0.241	0.131	0.162
0.47	0.24	0.128	0.162
0.467	0.242	0.127	0.164
0.469	0.242	0.124	0.165
0.47	0.236	0.128	0.166
0.474	0.232	0.128	0.166
0.479	0.23	0.127	0.164
0.472	0.233	0.128	0.167
0.47	0.234	0.127	0.169
0.468	0.236	0.125	0.171
0.469	0.236	0.123	0.172
0.468	0.236	0.126	0.17
0.469	0.239	0.124	0.168
0.469	0.239	0.121	0.171
0.465	0.241	0.124	0.17
0.46	0.244	0.123	0.173
0.463	0.245	0.123	0.169
0.466	0.245	0.12	0.169
0.462	0.247	0.12	0.171
0.462	0.248	0.119	0.171
0.466	0.242	0.122	0.17
0.467	0.243	0.121	0.169
0.463	0.248	0.121	0.168
0.466	0.248	0.118	0.168
0.465	0.249	0.117	0.169
0.465	0.248	0.117	0.17
0.463	0.251	0.117	0.169
0.465	0.251	0.114	0.17
0.466	0.254	0.114	0.166
0.465	0.249	0.117	0.169
0.463	0.248	0.118	0.171
0.464	0.245	0.12	0.171
0.464	0.245	0.117	0.174
0.464	0.245	0.118	0.173
0.464	0.244	0.115	0.177
0.465	0.242	0.114	0.179
0.463	0.242	0.116	0.179
0.468	0.241	0.112	0.179
0.467	0.24	0.114	0.179
0.471	0.239	0.111	0.179
0.467	0.239	0.116	0.178
0.466	0.241	0.114	0.179
0.467	0.242	0.111	0.18
0.47	0.239	0.111	0.18
0.463	0.242	0.113	0.182
0.462	0.241	0.113	0.184
0.457	0.24	0.118	0.185
0.451	0.243	0.121	0.185
0.452	0.241	0.12	0.187
0.456	0.241	0.119	0.184
0.454	0.245	0.119	0.182
0.454	0.24	0.124	0.182
0.457	0.237	0.121	0.185
0.456	0.238	0.12	0.186
0.455	0.24	0.116	0.189
0.456	0.238	0.117	0.189
0.452	0.24	0.118	0.19
0.452	0.239	0.12	0.189
0.453	0.238	0.12	0.189
0.456	0.238	0.118	0.188
0.454	0.239	0.118	0.189
0.456	0.241	0.113	0.19
0.459	0.24	0.109	0.192
0.457	0.242	0.108	0.193
0.452	0.247	0.108	0.193
0.456	0.244	0.105	0.195
0.452	0.244	0.108	0.196
0.456	0.242	0.107	0.195
0.459	0.24	0.109	0.192
0.458	0.243	0.107	0.192
0.457	0.247	0.103	0.193
0.452	0.25	0.104	0.194
0.451	0.25	0.103	0.196
0.453	0.249	0.1	0.198
0.452	0.25	0.1	0.198
0.449	0.251	0.1	0.2
0.449	0.249	0.102	0.2
0.451	0.25	0.1	0.199
0.447	0.253	0.102	0.198
0.45	0.252	0.102	0.196
0.453	0.252	0.101	0.194
0.454	0.249	0.102	0.195
0.455	0.25	0.101	0.194
0.455	0.249	0.101	0.195
0.458	0.247	0.1	0.195
0.461	0.246	0.101	0.192
0.459	0.248	0.099	0.194
0.46	0.249	0.097	0.194
0.459	0.249	0.095	0.197
0.456	0.249	0.096	0.199
0.458	0.246	0.098	0.198
0.462	0.244	0.098	0.196
0.457	0.249	0.098	0.196
0.463	0.245	0.098	0.194
0.459	0.245	0.102	0.194
0.458	0.246	0.106	0.19
0.457	0.245	0.108	0.19
0.453	0.247	0.108	0.192
0.451	0.246	0.11	0.193
0.447	0.249	0.112	0.192
0.445	0.248	0.115	0.192
0.45	0.245	0.116	0.189
0.449	0.245	0.118	0.188
0.447	0.242	0.122	0.189
0.447	0.241	0.123	0.189
0.449	0.24	0.125	0.186
0.453	0.241	0.125	0.181
0.452	0.242	0.126	0.18
0.447	0.246	0.124	0.183
0.449	0.241	0.128	0.182
0.45	0.242	0.128	0.18
0.448	0.24	0.131	0.181
0.447	0.24	0.128	0.185
0.444	0.239	0.132	0.185
0.447	0.238	0.131	0.184
0.445	0.237	0.133	0.185
0.45	0.235	0.129	0.186
0.446	0.237	0.127	0.19
0.45	0.233	0.123	0.194
0.448	0.235	0.121	0.196
0.454	0.236	0.117	0.193
0.454	0.238	0.114	0.194
0.452	0.239	0.116	0.193
0.45	0.243	0.114	0.193
0.448	0.245	0.111	0.196
0.449	0.245	0.11	0.196
0.451	0.246	0.108	0.195
0.449	0.244	0.112	0.195
0.45	0.242	0.11	0.198
0.447	0.245	0.108	0.2
0.449	0.246	0.106	0.199
0.449	0.246	0.104	0.201
0.45	0.245	0.103	0.202
0.45	0.247	0.099	0.204
0.447	0.248	0.102	0.203
0.448	0.248	0.101	0.203
0.452	0.247	0.101	0.2
0.449	0.248	0.103	0.2
0.453	0.246	0.103	0.198
0.452	0.248	0.103	0.197
0.447	0.252	0.103	0.198
0.444	0.251	0.108	0.197
0.449	0.248	0.11	0.193
0.451	0.249	0.108	0.192
0.451	0.253	0.106	0.19
0.453	0.255	0.104	0.188
0.449	0.257	0.106	0.188
0.453	0.257	0.105	0.185
0.455	0.254	0.106	0.185
0.458	0.253	0.105	0.184
0.454	0.257	0.105	0.184
0.455	0.256	0.104	0.185
0.456	0.254	0.103	0.187
0.455	0.254	0.103	0.188
0.456	0.253	0.102	0.189
0.458	0.25	0.102	0.19
0.459	0.247	0.105	0.189
0.457	0.248	0.105	0.19
0.455	0.249	0.104	0.192
0.453	0.251	0.102	0.194
0.453	0.25	0.106	0.191
0.457	0.248	0.108	0.187
0.459	0.247	0.106	0.188
0.463	0.246	0.105	0.186
0.47	0.242	0.105	0.183
0.471	0.242	0.105	0.182
0.471	0.239	0.107	0.183
0.469	0.24	0.109	0.182
0.468	0.242	0.111	0.179
0.468	0.242	0.11	0.18
0.469	0.242	0.112	0.177
0.469	0.243	0.113	0.175
0.474	0.243	0.11	0.173
0.477	0.243	0.108	0.172
0.475	0.245	0.108	0.172
0.476	0.245	0.103	0.176
0.477	0.245	0.105	0.173
0.474	0.249	0.106	0.171
0.478	0.249	0.104	0.169
0.479	0.252	0.101	0.168
0.481	0.25	0.101	0.168
0.484	0.25	0.097	0.169
0.485	0.249	0.096	0.17
0.486	0.251	0.097	0.166
0.489	0.25	0.098	0.163
0.49	0.25	0.098	0.162
0.491	0.247	0.099	0.163
0.488	0.249	0.099	0.164
0.487	0.254	0.099	0.16
0.485	0.255	0.102	0.158
0.484	0.255	0.102	0.159
0.481	0.26	0.101	0.158
0.484	0.259	0.101	0.156
0.482	0.262	0.102	0.154
0.48	0.261	0.106	0.153
0.477	0.263	0.105	0.155
0.479	0.263	0.102	0.156
0.483	0.262	0.102	0.153
0.482	0.263	0.102	0.153
0.489	0.259	0.1	0.152
0.488	0.263	0.098	0.151
0.484	0.261	0.106	0.149
0.482	0.264	0.105	0.149
0.474	0.269	0.105	0.152
0.476	0.27	0.102	0.152
0.478	0.268	0.1	0.154
0.479	0.266	0.103	0.152
0.478	0.267	0.104	0.151
0.477	0.265	0.11	0.148
0.482	0.264	0.109	0.145
0.483	0.264	0.112	0.141
0.484	0.262	0.114	0.14
0.482	0.264	0.11	0.144
0.48	0.263	0.114	0.143
0.483	0.264	0.111	0.142
0.481	0.264	0.111	0.144
0.477	0.267	0.111	0.145
0.479	0.267	0.11	0.144
0.48	0.265	0.108	0.147
0.477	0.27	0.108	0.145
0.475	0.268	0.111	0.146
0.476	0.264	0.111	0.149
0.481	0.262	0.108	0.149
0.477	0.265	0.108	0.15
0.476	0.264	0.108	0.152
0.48	0.26	0.11	0.15
0.473	0.263	0.113	0.151
0.472	0.262	0.113	0.153
0.47	0.262	0.113	0.155
0.468	0.26	0.117	0.155
0.469	0.262	0.114	0.155
0.469	0.263	0.114	0.154
0.471	0.263	0.112	0.154
0.473	0.266	0.108	0.153
0.471	0.266	0.11	0.153
0.472	0.264	0.11	0.154
0.472	0.261	0.114	0.153
0.469	0.261	0.115	0.155
0.469	0.262	0.113	0.156
0.474	0.26	0.11	0.156
0.475	0.262	0.107	0.156
0.475	0.259	0.111	0.155
0.476	0.259	0.107	0.158
0.475	0.26	0.103	0.162
0.476	0.258	0.102	0.164
0.476	0.259	0.1	0.165
0.479	0.259	0.098	0.164
0.477	0.258	0.101	0.164
0.473	0.263	0.098	0.166
0.473	0.259	0.098	0.17
0.47	0.263	0.096	0.171
0.472	0.263	0.096	0.169
0.472	0.263	0.098	0.167
0.472	0.263	0.097	0.168
0.468	0.266	0.099	0.167
0.466	0.267	0.1	0.167
0.47	0.262	0.099	0.169
0.471	0.261	0.1	0.168
0.474	0.262	0.097	0.167
0.474	0.261	0.098	0.167
0.475	0.259	0.096	0.17
0.477	0.257	0.099	0.167
0.476	0.261	0.097	0.166
0.476	0.261	0.098	0.165
0.474	0.261	0.101	0.164
0.477	0.26	0.101	0.162
0.475	0.262	0.099	0.164
0.474	0.261	0.101	0.164
0.473	0.261	0.099	0.167
0.473	0.26	0.099	0.168
0.467	0.265	0.102	0.166
0.466	0.264	0.104	0.166
0.464	0.267	0.103	0.166
0.463	0.27	0.099	0.168
0.456	0.275	0.101	0.168
0.46	0.27	0.101	0.169
0.456	0.269	0.103	0.172
0.459	0.268	0.104	0.169
0.463	0.269	0.104	0.164
0.459	0.271	0.108	0.162
0.46	0.271	0.105	0.164
0.459	0.268	0.108	0.165
0.457	0.268	0.108	0.167
0.459	0.266	0.107	0.168
0.457	0.265	0.11	0.168
0.461	0.263	0.109	0.167
0.464	0.262	0.108	0.166
0.466	0.258	0.109	0.167
0.466	0.256	0.11	0.168
0.462	0.259	0.108	0.171
0.46	0.26	0.106	0.174
0.459	0.26	0.106	0.175
0.458	0.262	0.103	0.177
0.458	0.263	0.102	0.177
0.459	0.264	0.1	0.177
0.459	0.261	0.106	0.174
0.46	0.263	0.103	0.174
0.462	0.258	0.105	0.175
0.464	0.256	0.102	0.178
0.47	0.253	0.1	0.177
0.47	0.253	0.097	0.18
0.467	0.254	0.099	0.18
0.467	0.252	0.102	0.179
0.469	0.251	0.101	0.179
0.468	0.251	0.104	0.177
0.468	0.252	0.105	0.175
0.469	0.252	0.104	0.175
0.47	0.25	0.104	0.176
0.469	0.252	0.105	0.174
0.466	0.254	0.103	0.177
0.465	0.253	0.106	0.176
0.469	0.249	0.106	0.176
0.47	0.248	0.107	0.175
0.469	0.247	0.106	0.178
0.468	0.247	0.105	0.18
0.464	0.25	0.104	0.182
0.465	0.251	0.104	0.18
0.463	0.251	0.106	0.18
0.464	0.252	0.106	0.178
0.465	0.251	0.107	0.177
0.465	0.247	0.111	0.177
0.461	0.249	0.114	0.176
0.46	0.249	0.113	0.178
0.456	0.247	0.117	0.18
0.457	0.244	0.118	0.181
0.456	0.241	0.122	0.181
0.454	0.241	0.122	0.183
0.451	0.239	0.128	0.182
0.449	0.241	0.127	0.183
0.448	0.243	0.126	0.183
0.447	0.245	0.124	0.184
0.445	0.244	0.124	0.187
0.445	0.243	0.122	0.19
0.446	0.243	0.12	0.191
0.448	0.242	0.118	0.192
0.448	0.244	0.116	0.192
0.449	0.243	0.116	0.192
0.451	0.243	0.115	0.191
0.454	0.24	0.115	0.191
0.456	0.239	0.113	0.192
0.459	0.236	0.113	0.192
0.46	0.238	0.114	0.188
0.459	0.24	0.112	0.189
0.461	0.237	0.111	0.191
0.458	0.237	0.112	0.193
0.458	0.235	0.114	0.193
0.457	0.236	0.117	0.19
0.457	0.238	0.116	0.189
0.456	0.236	0.116	0.192
0.452	0.238	0.117	0.193
0.449	0.235	0.124	0.192
0.442	0.235	0.13	0.193
0.446	0.236	0.125	0.193
0.447	0.235	0.126	0.192
0.447	0.233	0.129	0.191
0.454	0.228	0.128	0.19
0.455	0.228	0.128	0.189
0.458	0.227	0.127	0.188
0.449	0.235	0.128	0.188
0.45	0.233	0.129	0.188
0.451	0.232	0.129	0.188
0.457	0.233	0.122	0.188
0.456	0.235	0.121	0.188
0.463	0.232	0.117	0.188
0.464	0.231	0.115	0.19
0.46	0.233	0.115	0.192
0.462	0.226	0.118	0.194
0.46	0.228	0.117	0.195
0.457	0.229	0.12	0.194
0.454	0.231	0.122	0.193
0.454	0.232	0.121	0.193
0.455	0.233	0.119	0.193
0.456	0.231	0.122	0.191
0.453	0.233	0.123	0.191
0.455	0.232	0.122	0.191
0.449	0.237	0.119	0.195
0.448	0.239	0.117	0.196
0.449	0.237	0.117	0.197
0.455	0.236	0.113	0.196
0.458	0.235	0.11	0.197
0.456	0.237	0.109	0.198
0.46	0.23	0.11	0.2
0.463	0.227	0.11	0.2
0.46	0.227	0.111	0.202
0.463	0.227	0.113	0.197
0.464	0.228	0.11	0.198
0.463	0.23	0.109	0.198
0.468	0.23	0.105	0.197
0.468	0.232	0.104	0.196
0.468	0.232	0.1	0.2
0.468	0.23	0.104	0.198
0.466	0.233	0.1	0.201
0.468	0.233	0.099	0.2
0.463	0.233	0.1	0.204
0.462	0.234	0.095	0.209
0.463	0.232	0.096	0.209
0.463	0.231	0.099	0.207
0.459	0.235	0.098	0.208
0.46	0.236	0.099	0.205
0.457	0.239	0.1	0.204
0.455	0.239	0.102	0.204
0.457	0.239	0.102	0.202
0.464	0.237	0.099	0.2
0.463	0.234	0.102	0.201
0.466	0.233	0.099	0.202
0.465	0.234	0.099	0.202
0.464	0.232	0.101	0.203
0.467	0.231	0.1	0.202
0.471	0.233	0.097	0.199
0.47	0.234	0.098	0.198
0.471	0.233	0.099	0.197
0.468	0.237	0.1	0.195
0.463	0.239	0.103	0.195
0.463	0.241	0.099	0.197
0.465	0.241	0.096	0.198
0.463	0.24	0.098	0.199
0.464	0.24	0.097	0.199
0.465	0.239	0.094	0.202
0.47	0.238	0.091	0.201
0.474	0.234	0.092	0.2
0.472	0.233	0.089	0.206
0.469	0.235	0.089	0.207
0.47	0.237	0.086	0.207
0.465	0.24	0.087	0.208
0.464	0.243	0.087	0.206
0.458	0.245	0.09	0.207
0.456	0.247	0.09	0.207
0.46	0.246	0.088	0.206
0.461	0.245	0.088	0.206
0.461	0.245	0.085	0.209
0.466	0.244	0.083	0.207
0.465	0.247	0.083	0.205
0.464	0.247	0.085	0.204
0.463	0.247	0.086	0.204
0.462	0.248	0.085	0.205
0.461	0.249	0.084	0.206
0.461	0.249	0.085	0.205
0.457	0.25	0.086	0.207
0.457	0.249	0.089	0.205
0.46	0.246	0.093	0.201
0.459	0.249	0.091	0.201
0.46	0.248	0.092	0.2
0.461	0.248	0.091	0.2
0.461	0.248	0.094	0.197
0.466	0.246	0.095	0.193
0.464	0.245	0.098	0.193
0.466	0.243	0.099	0.192
0.47	0.242	0.097	0.191
0.47	0.244	0.097	0.189
0.469	0.244	0.097	0.19
0.465	0.248	0.095	0.192
0.465	0.25	0.096	0.189
0.466	0.249	0.096	0.189
0.466	0.248	0.097	0.189
0.466	0.249	0.097	0.188
0.466	0.247	0.098	0.189
0.466	0.247	0.095	0.192
0.463	0.25	0.091	0.196
0.467	0.248	0.091	0.194
0.469	0.248	0.09	0.193
0.468	0.249	0.089	0.194
0.465	0.248	0.094	0.193
0.465	0.25	0.092	0.193
0.462	0.251	0.095	0.192
0.462	0.251	0.094	0.193
0.462	0.252	0.094	0.192
0.461	0.25	0.098	0.191
0.459	0.25	0.098	0.193
0.457	0.251	0.099	0.193
0.458	0.251	0.097	0.194
0.46	0.247	0.1	0.193
0.461	0.247	0.102	0.19
0.459	0.25	0.102	0.189
0.459	0.252	0.1	0.189
0.461	0.25	0.099	0.19
0.459	0.248	0.102	0.191
0.462	0.247	0.101	0.19
0.465	0.248	0.1	0.187
0.466	0.249	0.1	0.185
0.466	0.25	0.099	0.185
0.462	0.254	0.098	0.186
0.463	0.257	0.094	0.186
0.47	0.25	0.098	0.182
0.469	0.252	0.092	0.187
0.469	0.249	0.095	0.187
0.471	0.248	0.096	0.185
0.472	0.248	0.095	0.185
0.473	0.247	0.098	0.182
0.478	0.242	0.101	0.179
0.476	0.245	0.1	0.179
0.476	0.244	0.099	0.181
0.474	0.246	0.099	0.181
0.475	0.244	0.101	0.18
0.469	0.249	0.104	0.178
0.471	0.246	0.105	0.178
0.471	0.248	0.105	0.176
0.468	0.249	0.107	0.176
0.472	0.248	0.108	0.172
0.47	0.25	0.108	0.172
0.473	0.249	0.106	0.172
0.468	0.249	0.11	0.173
0.47	0.248	0.11	0.172
0.47	0.25	0.107	0.173
0.472	0.248	0.104	0.176
0.472	0.25	0.101	0.177
0.473	0.25	0.097	0.18
0.477	0.246	0.099	0.178
0.475	0.248	0.098	0.179
0.471	0.25	0.1	0.179
0.474	0.25	0.096	0.18
0.472	0.252	0.098	0.178
0.472	0.254	0.095	0.179
0.47	0.256	0.094	0.18
0.47	0.257	0.093	0.18
0.464	0.26	0.095	0.181
0.463	0.259	0.097	0.181
0.462	0.258	0.097	0.183
0.46	0.257	0.099	0.184
0.46	0.259	0.099	0.182
0.451	0.264	0.104	0.181
0.451	0.264	0.102	0.183
0.45	0.264	0.102	0.184
0.45	0.263	0.104	0.183
0.452	0.26	0.106	0.182
0.45	0.264	0.104	0.182
0.448	0.265	0.105	0.182
0.448	0.268	0.104	0.18
0.45	0.265	0.104	0.181
0.45	0.263	0.102	0.185
0.448	0.264	0.102	0.186
0.454	0.26	0.102	0.184
0.455	0.259	0.101	0.185
0.455	0.26	0.099	0.186
0.456	0.257	0.103	0.184
0.457	0.254	0.106	0.183
0.455	0.251	0.109	0.185
0.462	0.246	0.109	0.183
0.46	0.246	0.11	0.184
0.459	0.247	0.109	0.185
0.459	0.25	0.107	0.184
0.456	0.25	0.11	0.184
0.448	0.257	0.111	0.184
0.443	0.256	0.113	0.188
0.447	0.253	0.112	0.188
0.451	0.253	0.109	0.187
0.452	0.254	0.109	0.185
0.456	0.249	0.108	0.187
0.455	0.25	0.106	0.189
0.453	0.25	0.109	0.188
0.449	0.251	0.11	0.19
0.452	0.251	0.109	0.188
0.453	0.25	0.108	0.189
0.455	0.248	0.105	0.192
0.451	0.251	0.104	0.194
0.451	0.253	0.101	0.195
0.452	0.253	0.101	0.194
0.449	0.251	0.106	0.194
0.45	0.25	0.107	0.193
0.453	0.248	0.106	0.193
0.453	0.246	0.107	0.194
0.447	0.244	0.115	0.194
0.449	0.248	0.112	0.191
0.448	0.248	0.113	0.191
0.45	0.247	0.113	0.19
0.45	0.248	0.113	0.189
0.45	0.251	0.111	0.188
0.45	0.247	0.116	0.187
0.454	0.244	0.115	0.187
0.456	0.245	0.114	0.185
0.454	0.248	0.114	0.184
0.452	0.247	0.113	0.188
0.453	0.248	0.11	0.189
0.453	0.247	0.111	0.189
0.459	0.244	0.106	0.191
0.457	0.244	0.107	0.192
0.457	0.242	0.112	0.189
0.455	0.241	0.113	0.191
0.456	0.239	0.114	0.191
0.457	0.237	0.112	0.194
0.455	0.236	0.112	0.197
0.459	0.237	0.108	0.196
0.459	0.235	0.109	0.197
0.462	0.236	0.105	0.197
0.46	0.237	0.104	0.199
0.459	0.238	0.104	0.199
0.46	0.239	0.103	0.198
0.456	0.242	0.104	0.198
0.453	0.245	0.105	0.197
0.45	0.249	0.103	0.198
0.453	0.246	0.102	0.199
0.452	0.248	0.101	0.199
0.455	0.244	0.102	0.199
0.455	0.244	0.103	0.198
0.454	0.243	0.105	0.198
0.454	0.243	0.104	0.199
0.449	0.245	0.109	0.197
0.45	0.245	0.108	0.197
0.451	0.245	0.109	0.195
0.452	0.245	0.108	0.195
0.45	0.249	0.109	0.192
0.453	0.247	0.106	0.194
0.452	0.247	0.108	0.193
0.451	0.25	0.105	0.194
0.453	0.249	0.107	0.191
0.451	0.25	0.104	0.195
0.446	0.251	0.107	0.196
0.449	0.249	0.106	0.196
0.451	0.248	0.106	0.195
0.452	0.249	0.105	0.194
0.45	0.251	0.107	0.192
0.451	0.251	0.107	0.191
0.452	0.253	0.108	0.187
0.456	0.253	0.106	0.185
0.456	0.252	0.106	0.186
0.457	0.252	0.108	0.183
0.455	0.253	0.108	0.184
0.45	0.254	0.111	0.185
0.454	0.25	0.113	0.183
0.452	0.253	0.113	0.182
0.457	0.253	0.112	0.178
0.458	0.253	0.112	0.177
0.458	0.253	0.114	0.175
0.461	0.253	0.111	0.175
0.461	0.252	0.114	0.173
0.458	0.255	0.111	0.176
0.46	0.256	0.109	0.175
0.457	0.261	0.109	0.173
0.459	0.26	0.106	0.175
0.462	0.258	0.104	0.176
0.46	0.259	0.105	0.176
0.46	0.26	0.103	0.177
0.462	0.26	0.103	0.175
0.465	0.257	0.103	0.175
0.463	0.256	0.105	0.176
0.466	0.256	0.105	0.173
0.471	0.255	0.102	0.172
0.473	0.252	0.104	0.171
0.474	0.248	0.108	0.17
0.473	0.251	0.106	0.17
0.474	0.249	0.107	0.17
0.471	0.252	0.109	0.168
0.474	0.251	0.107	0.168
0.475	0.25	0.104	0.171
0.477	0.25	0.104	0.169
0.478	0.251	0.103	0.168
0.482	0.25	0.102	0.166
0.479	0.251	0.107	0.163
0.475	0.252	0.106	0.167
0.478	0.254	0.105	0.163
0.475	0.254	0.107	0.164
0.472	0.253	0.113	0.162
0.471	0.255	0.115	0.159
0.469	0.257	0.115	0.159
0.468	0.257	0.114	0.161
0.464	0.26	0.116	0.16
0.463	0.262	0.115	0.16
0.459	0.262	0.115	0.164
0.462	0.262	0.114	0.162
0.464	0.262	0.112	0.162
0.465	0.26	0.112	0.163
0.465	0.259	0.111	0.165
0.466	0.254	0.114	0.166
0.465	0.256	0.115	0.164
0.461	0.26	0.115	0.164
0.464	0.256	0.115	0.165
0.46	0.256	0.119	0.165
0.456	0.255	0.123	0.166
0.46	0.253	0.122	0.165
0.456	0.255	0.123	0.166
0.462	0.253	0.118	0.167
0.462	0.253	0.118	0.167
0.466	0.253	0.116	0.165
0.467	0.253	0.116	0.164
0.466	0.253	0.118	0.163
0.466	0.255	0.115	0.164
0.467	0.254	0.115	0.164
0.468	0.255	0.115	0.162
0.47	0.257	0.111	0.162
0.473	0.255	0.113	0.159
0.472	0.256	0.111	0.161
0.47	0.256	0.109	0.165
0.471	0.254	0.108	0.167
0.473	0.253	0.109	0.165
0.473	0.252	0.111	0.164
0.472	0.252	0.112	0.164
0.472	0.258	0.109	0.161
0.473	0.257	0.109	0.161
0.468	0.26	0.11	0.162
0.467	0.26	0.107	0.166
0.466	0.26	0.108	0.166
0.462	0.262	0.109	0.167
0.458	0.264	0.111	0.167
0.458	0.262	0.11	0.17
0.459	0.263	0.109	0.169
0.457	0.265	0.108	0.17
0.456	0.266	0.111	0.167
0.458	0.269	0.107	0.166
0.458	0.267	0.105	0.17
0.461	0.266	0.102	0.171
0.462	0.269	0.1	0.169
0.457	0.271	0.103	0.169
0.46	0.27	0.101	0.169
0.459	0.266	0.104	0.171
0.459	0.265	0.105	0.171
0.458	0.264	0.107	0.171
0.46	0.261	0.109	0.17
0.455	0.264	0.108	0.173
0.456	0.261	0.111	0.172
0.457	0.262	0.108	0.173
0.457	0.261	0.11	0.172
0.458	0.261	0.108	0.173
0.462	0.261	0.102	0.175
0.464	0.258	0.101	0.177
0.466	0.26	0.1	0.174
0.466	0.259	0.099	0.176
0.461	0.264	0.098	0.177
0.458	0.267	0.097	0.178
0.455	0.269	0.1	0.176
0.456	0.271	0.098	0.175
0.455	0.268	0.101	0.176
0.457	0.266	0.102	0.175
0.453	0.27	0.1	0.177
0.454	0.268	0.1	0.178
0.454	0.268	0.099	0.179
0.455	0.266	0.1	0.179
0.455	0.265	0.1	0.18
0.456	0.263	0.102	0.179
0.457	0.265	0.102	0.176
0.459	0.269	0.1	0.172
0.46	0.266	0.102	0.172
0.457	0.267	0.102	0.174
0.459	0.268	0.102	0.171
0.463	0.268	0.1	0.169
0.465	0.266	0.101	0.168
0.467	0.264	0.103	0.166
0.472	0.264	0.102	0.162
0.476	0.26	0.104	0.16
0.473	0.262	0.106	0.159
0.477	0.259	0.106	0.158
0.477	0.259	0.107	0.157
0.479	0.257	0.107	0.157
0.478	0.258	0.107	0.157
0.481	0.258	0.103	0.158
0.477	0.261	0.101	0.161
0.478	0.258	0.103	0.161
0.473	0.258	0.108	0.161
0.471	0.258	0.111	0.16
0.471	0.26	0.109	0.16
0.468	0.263	0.109	0.16
0.471	0.261	0.109	0.159
0.469	0.263	0.108	0.16
0.472	0.259	0.109	0.16
0.472	0.258	0.107	0.163
0.469	0.261	0.104	0.166
0.467	0.263	0.102	0.168
0.469	0.262	0.1	0.169
0.474	0.262	0.099	0.165
0.47	0.266	0.098	0.166
0.47	0.265	0.1	0.165
0.466	0.267	0.101	0.166
0.464	0.265	0.103	0.168
0.466	0.262	0.103	0.169
0.457	0.269	0.103	0.171
0.46	0.262	0.109	0.169
0.454	0.265	0.112	0.169
0.453	0.267	0.11	0.17
0.454	0.27	0.105	0.171
0.456	0.269	0.104	0.171
0.459	0.267	0.106	0.168
0.456	0.269	0.106	0.169
0.453	0.268	0.11	0.169
0.454	0.27	0.108	0.168
0.456	0.268	0.109	0.167
0.454	0.271	0.108	0.167
0.46	0.268	0.106	0.166
0.455	0.27	0.107	0.168
0.457	0.268	0.105	0.17
0.456	0.269	0.105	0.17
0.455	0.265	0.109	0.171
0.45	0.268	0.112	0.17
0.453	0.267	0.114	0.166
0.449	0.267	0.118	0.166
0.446	0.266	0.119	0.169
0.448	0.263	0.118	0.171
0.449	0.258	0.123	0.17
0.445	0.262	0.123	0.17
0.442	0.264	0.124	0.17
0.44	0.265	0.126	0.169
0.438	0.267	0.126	0.169
0.446	0.263	0.125	0.166
0.45	0.26	0.121	0.169
0.45	0.261	0.118	0.171
0.447	0.262	0.118	0.173
0.445	0.261	0.115	0.179
0.444	0.263	0.116	0.177
0.447	0.262	0.114	0.177
0.449	0.263	0.111	0.177
0.452	0.262	0.109	0.177
0.452	0.263	0.109	0.176
0.448	0.268	0.11	0.174
0.45	0.268	0.111	0.171
0.449	0.269	0.11	0.172
0.45	0.268	0.111	0.171
0.45	0.268	0.11	0.172
0.45	0.27	0.108	0.172
0.451	0.273	0.107	0.169
0.457	0.266	0.108	0.169
0.459	0.265	0.105	0.171
0.458	0.265	0.107	0.17
0.454	0.268	0.106	0.172
0.458	0.267	0.104	0.171
0.46	0.267	0.105	0.168
0.459	0.267	0.107	0.167
0.462	0.263	0.109	0.166
0.464	0.261	0.109	0.166
0.459	0.263	0.112	0.166
0.459	0.266	0.111	0.164
0.456	0.267	0.113	0.164
0.454	0.271	0.109	0.166
0.458	0.273	0.107	0.162
0.462	0.269	0.106	0.163
0.456	0.273	0.106	0.165
0.455	0.274	0.108	0.163
0.452	0.275	0.11	0.163
0.454	0.272	0.112	0.162
0.454	0.272	0.114	0.16
0.451	0.272	0.115	0.162
0.45	0.272	0.116	0.162
0.446	0.273	0.12	0.161
0.446	0.273	0.118	0.163
0.446	0.272	0.119	0.163
0.444	0.273	0.118	0.165
0.442	0.271	0.123	0.164
0.444	0.269	0.124	0.163
0.443	0.268	0.122	0.167
0.443	0.269	0.119	0.169
0.446	0.267	0.117	0.17
0.446	0.267	0.119	0.168
0.447	0.268	0.12	0.165
0.444	0.273	0.116	0.167
0.447	0.271	0.115	0.167
0.448	0.27	0.115	0.167
0.445	0.271	0.114	0.17
0.444	0.27	0.113	0.173
0.445	0.27	0.111	0.174
0.447	0.269	0.11	0.174
0.455	0.265	0.105	0.175
0.46	0.262	0.103	0.175
0.461	0.262	0.102	0.175
0.462	0.259	0.103	0.176
0.463	0.259	0.103	0.175
0.461	0.26	0.102	0.177
0.457	0.263	0.1	0.18
0.454	0.265	0.098	0.183
0.459	0.262	0.096	0.183
0.461	0.261	0.095	0.183
0.457	0.259	0.098	0.186
0.459	0.258	0.097	0.186
0.458	0.258	0.099	0.185
0.458	0.259	0.1	0.183
0.46	0.26	0.098	0.182
0.46	0.261	0.098	0.181
0.46	0.263	0.098	0.179
0.462	0.262	0.097	0.179
0.459	0.267	0.098	0.176
0.461	0.267	0.099	0.173
0.456	0.267	0.103	0.174
0.455	0.27	0.102	0.173
0.456	0.268	0.103	0.173
0.455	0.267	0.105	0.173
0.454	0.268	0.106	0.172
0.455	0.267	0.108	0.17
0.453	0.267	0.107	0.173
0.452	0.265	0.108	0.175
0.452	0.268	0.106	0.174
0.455	0.267	0.107	0.171
0.454	0.267	0.11	0.169
0.453	0.268	0.11	0.169
0.457	0.264	0.112	0.167
0.457	0.263	0.112	0.168
0.459	0.265	0.11	0.166
0.455	0.262	0.117	0.166
0.454	0.264	0.115	0.167
0.453	0.269	0.112	0.166
0.455	0.268	0.111	0.166
0.452	0.269	0.112	0.167
0.45	0.268	0.116	0.166
0.448	0.267	0.116	0.169
0.447	0.268	0.116	0.169
0.445	0.268	0.119	0.168
0.446	0.266	0.119	0.169
0.447	0.265	0.119	0.169
0.446	0.267	0.118	0.169
0.445	0.268	0.119	0.168
0.445	0.271	0.118	0.166
0.444	0.275	0.116	0.165
0.441	0.276	0.118	0.165
0.441	0.277	0.116	0.166
0.445	0.275	0.114	0.166
0.443	0.275	0.117	0.165
0.436	0.282	0.116	0.166
0.437	0.281	0.117	0.165
0.439	0.28	0.116	0.165
0.44	0.28	0.117	0.163
0.437	0.282	0.116	0.165
0.438	0.28	0.112	0.17
0.439	0.281	0.11	0.17
0.438	0.281	0.112	0.169
0.437	0.285	0.111	0.167
0.434	0.287	0.111	0.168
0.435	0.284	0.111	0.17
0.439	0.282	0.112	0.167
0.437	0.28	0.117	0.166
0.44	0.276	0.116	0.168
0.444	0.273	0.114	0.169
0.447	0.272	0.114	0.167
0.449	0.273	0.11	0.168
0.449	0.271	0.111	0.169
0.445	0.276	0.108	0.171
0.446	0.277	0.108	0.169
0.448	0.275	0.107	0.17
0.453	0.271	0.108	0.168
0.446	0.272	0.11	0.172
0.447	0.273	0.111	0.169
0.451	0.269	0.113	0.167
0.452	0.269	0.114	0.165
0.451	0.27	0.115	0.164
0.454	0.268	0.114	0.164
0.455	0.269	0.112	0.164
0.456	0.266	0.111	0.167
0.454	0.264	0.112	0.17
0.458	0.262	0.111	0.169
0.455	0.263	0.112	0.17
0.454	0.263	0.114	0.169
0.455	0.262	0.114	0.169
0.455	0.266	0.111	0.168
0.46	0.265	0.112	0.163
0.459	0.266	0.113	0.162
0.458	0.267	0.108	0.167
0.46	0.265	0.108	0.167
0.457	0.264	0.11	0.169
0.459	0.264	0.107	0.17
0.464	0.263	0.103	0.17
0.462	0.265	0.102	0.171
0.461	0.264	0.105	0.17
0.462	0.26	0.106	0.172
0.462	0.263	0.103	0.172
0.465	0.261	0.103	0.171
0.468	0.256	0.105	0.171
0.466	0.258	0.103	0.173
0.465	0.261	0.1	0.174
0.467	0.262	0.097	0.174
0.465	0.262	0.096	0.177
0.466	0.259	0.097	0.178
0.467	0.257	0.099	0.177
0.468	0.259	0.098	0.175
0.467	0.263	0.095	0.175
0.466	0.265	0.095	0.174
0.466	0.263	0.098	0.173
0.466	0.262	0.099	0.173
0.467	0.262	0.096	0.175
0.467	0.259	0.097	0.177
0.467	0.262	0.093	0.178
0.468	0.261	0.095	0.176
0.465	0.26	0.096	0.179
0.464	0.26	0.095	0.181
0.464	0.261	0.094	0.181
0.47	0.258	0.093	0.179
0.47	0.256	0.096	0.178
0.47	0.256	0.1	0.174
0.476	0.253	0.101	0.17
0.476	0.25	0.105	0.169
0.478	0.251	0.104	0.167
0.476	0.253	0.102	0.169
0.477	0.253	0.104	0.166
0.478	0.253	0.104	0.165
0.478	0.255	0.103	0.164
0.478	0.255	0.104	0.163
0.474	0.255	0.108	0.163
0.473	0.255	0.11	0.162
0.474	0.253	0.11	0.163
0.473	0.25	0.109	0.168
0.473	0.252	0.107	0.168
0.474	0.253	0.104	0.169
0.471	0.254	0.103	0.172
0.466	0.258	0.104	0.172
0.465	0.257	0.106	0.172
0.465	0.259	0.104	0.172
0.468	0.255	0.105	0.172
0.467	0.255	0.106	0.172
0.467	0.255	0.107	0.171
0.47	0.255	0.107	0.168
0.471	0.254	0.108	0.167
0.466	0.26	0.108	0.166
0.466	0.257	0.112	0.165
0.461	0.258	0.114	0.167
0.462	0.258	0.115	0.165
0.465	0.258	0.114	0.163
0.467	0.255	0.113	0.165
0.464	0.255	0.116	0.165
0.467	0.251	0.118	0.164
0.471	0.252	0.112	0.165
0.47	0.252	0.113	0.165
0.473	0.252	0.116	0.159
0.478	0.25	0.114	0.158
0.475	0.253	0.112	0.16
0.477	0.254	0.111	0.158
0.478	0.256	0.105	0.161
0.476	0.26	0.101	0.163
0.474	0.262	0.102	0.162
0.474	0.259	0.104	0.163
0.472	0.257	0.104	0.167
0.471	0.258	0.102	0.169
0.47	0.258	0.103	0.169
0.471	0.26	0.102	0.167
0.47	0.259	0.102	0.169
0.473	0.259	0.098	0.17
0.473	0.258	0.098	0.171
0.469	0.259	0.098	0.174
0.474	0.258	0.094	0.174
0.475	0.255	0.096	0.174
0.474	0.252	0.1	0.174
0.472	0.251	0.104	0.173
0.474	0.249	0.104	0.173
0.475	0.249	0.103	0.173
0.475	0.251	0.102	0.172
0.473	0.251	0.102	0.174
0.469	0.254	0.104	0.173
0.465	0.258	0.104	0.173
0.464	0.257	0.104	0.175
0.463	0.257	0.103	0.177
0.466	0.257	0.103	0.174
0.458	0.262	0.105	0.175
0.459	0.259	0.105	0.177
0.46	0.257	0.106	0.177
0.459	0.257	0.104	0.18
0.456	0.259	0.107	0.178
0.458	0.256	0.108	0.178
0.457	0.258	0.106	0.179
0.459	0.255	0.11	0.176
0.46	0.256	0.108	0.176
0.462	0.258	0.103	0.177
0.465	0.256	0.103	0.176
0.465	0.253	0.105	0.177
0.468	0.253	0.107	0.172
0.464	0.258	0.107	0.171
0.463	0.258	0.106	0.173
0.461	0.263	0.104	0.172
0.461	0.262	0.102	0.175
0.463	0.259	0.101	0.177
0.46	0.261	0.103	0.176
0.465	0.257	0.103	0.175
0.469	0.256	0.102	0.173
0.469	0.258	0.101	0.172
0.47	0.256	0.102	0.172
0.471	0.257	0.101	0.171
0.473	0.254	0.103	0.17
0.47	0.255	0.105	0.17
0.467	0.256	0.106	0.171
0.47	0.255	0.107	0.168
0.471	0.254	0.107	0.168
0.475	0.257	0.103	0.165
0.476	0.253	0.104	0.167
0.477	0.253	0.101	0.169
0.479	0.252	0.098	0.171
0.476	0.254	0.096	0.174
0.478	0.251	0.096	0.175
0.478	0.252	0.095	0.175
0.485	0.251	0.093	0.171
0.485	0.251	0.092	0.172
0.482	0.253	0.092	0.173
0.481	0.254	0.091	0.174
0.476	0.256	0.092	0.176
0.477	0.257	0.09	0.176
0.484	0.253	0.09	0.173
0.484	0.253	0.089	0.174
0.48	0.255	0.089	0.176
0.479	0.254	0.092	0.175
0.479	0.254	0.095	0.172
0.478	0.252	0.096	0.174
0.477	0.25	0.1	0.173
0.48	0.248	0.101	0.171
0.479	0.252	0.101	0.168
0.48	0.25	0.104	0.166
0.478	0.253	0.103	0.166
0.482	0.246	0.104	0.168
0.482	0.247	0.1	0.171
0.479	0.249	0.1	0.172
0.479	0.248	0.098	0.175
0.476	0.251	0.097	0.176
0.472	0.254	0.097	0.177
0.472	0.255	0.095	0.178
0.47	0.26	0.095	0.175
0.467	0.259	0.098	0.176
0.462	0.262	0.097	0.179
0.46	0.265	0.097	0.178
0.458	0.266	0.097	0.179
0.459	0.266	0.094	0.181
0.46	0.264	0.097	0.179
0.457	0.267	0.098	0.178
0.455	0.268	0.1	0.177
0.459	0.263	0.102	0.176
0.462	0.262	0.1	0.176
0.462	0.261	0.1	0.177
0.46	0.263	0.103	0.174
0.465	0.259	0.103	0.173
0.467	0.26	0.101	0.172
0.465	0.261	0.102	0.172
0.464	0.262	0.1	0.174
0.465	0.262	0.099	0.174
0.465	0.263	0.1	0.172
0.471	0.261	0.098	0.17
0.473	0.258	0.1	0.169
0.476	0.257	0.098	0.169
0.476	0.257	0.096	0.171
0.481	0.255	0.094	0.17
0.478	0.256	0.095	0.171
0.479	0.253	0.095	0.173
0.479	0.251	0.097	0.173
0.48	0.249	0.097	0.174
0.482	0.245	0.099	0.174
0.483	0.244	0.101	0.172
0.486	0.237	0.107	0.17
0.486	0.238	0.104	0.172
0.49	0.238	0.102	0.17
0.487	0.239	0.102	0.172
0.488	0.24	0.101	0.171
0.491	0.24	0.098	0.171
0.488	0.238	0.101	0.173
0.49	0.233	0.105	0.172
0.49	0.23	0.107	0.173
0.489	0.231	0.101	0.179
0.483	0.232	0.104	0.181
0.486	0.232	0.103	0.179
0.485	0.237	0.103	0.175
0.485	0.237	0.102	0.176
0.485	0.239	0.101	0.175
0.485	0.24	0.1	0.175
0.489	0.24	0.096	0.175
0.49	0.241	0.096	0.173
0.486	0.242	0.1	0.172
0.485	0.244	0.101	0.17
0.489	0.242	0.1	0.169
0.487	0.241	0.104	0.168
0.486	0.243	0.105	0.166
0.49	0.242	0.106	0.162
0.49	0.243	0.105	0.162
0.485	0.246	0.107	0.162
0.484	0.249	0.104	0.163
0.487	0.247	0.103	0.163
0.488	0.247	0.101	0.164
0.485	0.245	0.101	0.169
0.482	0.246	0.102	0.17
0.483	0.248	0.101	0.168
0.484	0.247	0.1	0.169
0.481	0.251	0.097	0.171
0.476	0.254	0.1	0.17
0.478	0.251	0.102	0.169
0.482	0.253	0.101	0.164
0.48	0.251	0.107	0.162
0.478	0.253	0.107	0.162
0.484	0.249	0.1	0.167
0.485	0.253	0.099	0.163
0.485	0.254	0.099	0.162
0.488	0.249	0.101	0.162
0.486	0.251	0.1	0.163
0.489	0.25	0.102	0.159
0.489	0.252	0.102	0.157
0.487	0.252	0.103	0.158
0.49	0.249	0.105	0.156
0.488	0.25	0.105	0.157
0.49	0.251	0.101	0.158
0.487	0.253	0.103	0.157
0.486	0.253	0.104	0.157
0.487	0.255	0.103	0.155
0.486	0.255	0.103	0.156
0.484	0.258	0.104	0.154
0.483	0.257	0.104	0.156
0.477	0.262	0.101	0.16
0.48	0.261	0.098	0.161
0.476	0.262	0.1	0.162
0.474	0.264	0.098	0.164
0.473	0.264	0.1	0.163
0.477	0.257	0.103	0.163
0.479	0.256	0.102	0.163
0.482	0.254	0.101	0.163
0.487	0.251	0.1	0.162
0.487	0.25	0.101	0.162
0.489	0.246	0.103	0.162
0.493	0.245	0.103	0.159
0.494	0.247	0.103	0.156
0.495	0.245	0.103	0.157
0.487	0.247	0.105	0.161
0.48	0.252	0.107	0.161
0.478	0.253	0.105	0.164
0.474	0.254	0.11	0.162
0.468	0.259	0.109	0.164
0.469	0.258	0.108	0.165
0.47	0.253	0.111	0.166
0.48	0.251	0.11	0.159
0.485	0.251	0.104	0.16
0.481	0.25	0.11	0.159
0.481	0.249	0.109	0.161
0.485	0.246	0.109	0.16
0.479	0.251	0.109	0.161
0.478	0.253	0.108	0.161
0.475	0.257	0.105	0.163
0.476	0.255	0.107	0.162
0.472	0.255	0.111	0.162
0.472	0.256	0.11	0.162
0.47	0.256	0.11	0.164
0.467	0.257	0.109	0.167
0.47	0.258	0.105	0.167
0.469	0.261	0.1	0.17
0.468	0.259	0.102	0.171
0.471	0.255	0.102	0.172
0.47	0.255	0.103	0.172
0.471	0.256	0.102	0.171
0.471	0.257	0.106	0.166
0.472	0.257	0.101	0.17
0.47	0.26	0.103	0.167
0.474	0.255	0.107	0.164
0.471	0.257	0.106	0.166
0.471	0.257	0.106	0.166
0.465	0.259	0.107	0.169
0.462	0.262	0.106	0.17
0.46	0.262	0.109	0.169
0.457	0.262	0.11	0.171
0.46	0.261	0.109	0.17
0.452	0.267	0.111	0.17
0.45	0.268	0.11	0.172
0.448	0.263	0.115	0.174
0.448	0.261	0.116	0.175
0.446	0.262	0.116	0.176
0.443	0.265	0.114	0.178
0.444	0.266	0.112	0.178
0.443	0.268	0.111	0.178
0.44	0.269	0.111	0.18
0.437	0.274	0.11	0.179
0.439	0.273	0.108	0.18
0.441	0.273	0.107	0.179
0.444	0.272	0.106	0.178
0.446	0.274	0.103	0.177
0.45	0.271	0.103	0.176
0.451	0.271	0.102	0.176
0.452	0.269	0.103	0.176
0.451	0.269	0.102	0.178
0.448	0.271	0.102	0.179
0.447	0.271	0.102	0.18
0.453	0.269	0.099	0.179
0.447	0.273	0.102	0.178
0.445	0.271	0.106	0.178
0.442	0.275	0.108	0.175
0.442	0.273	0.107	0.178
0.44	0.273	0.109	0.178
0.447	0.269	0.107	0.177
0.45	0.263	0.11	0.177
0.451	0.261	0.111	0.177
0.446	0.264	0.114	0.176
0.445	0.266	0.111	0.178
0.446	0.267	0.108	0.179
0.445	0.267	0.11	0.178
0.446	0.269	0.11	0.175
0.449	0.268	0.108	0.175
0.451	0.266	0.108	0.175
0.454	0.266	0.104	0.176
0.456	0.268	0.1	0.176
0.456	0.269	0.098	0.177
0.456	0.268	0.099	0.177
0.459	0.266	0.101	0.174
0.457	0.268	0.1	0.175
0.457	0.267	0.101	0.175
0.459	0.266	0.101	0.174
0.46	0.268	0.096	0.176
0.461	0.267	0.092	0.18
0.457	0.27	0.092	0.181
0.455	0.274	0.09	0.181
0.455	0.273	0.092	0.18
0.45	0.274	0.096	0.18
0.449	0.275	0.097	0.179
0.447	0.275	0.098	0.18
0.446	0.271	0.104	0.179
0.446	0.27	0.105	0.179
0.444	0.27	0.106	0.18
0.447	0.272	0.1	0.181
0.449	0.271	0.101	0.179
0.448	0.271	0.103	0.178
0.452	0.27	0.104	0.174
0.452	0.271	0.103	0.174
0.458	0.267	0.103	0.172
0.457	0.271	0.102	0.17
0.461	0.269	0.101	0.169
0.465	0.269	0.099	0.167
0.468	0.266	0.1	0.166
0.466	0.266	0.1	0.168
0.464	0.267	0.099	0.17
0.464	0.264	0.101	0.171
0.465	0.264	0.099	0.172
0.466	0.264	0.098	0.172
0.464	0.266	0.096	0.174
0.462	0.269	0.096	0.173
0.462	0.268	0.098	0.172
0.46	0.267	0.099	0.174
0.465	0.264	0.096	0.175
0.465	0.265	0.097	0.173
0.471	0.261	0.097	0.171
0.472	0.259	0.097	0.172
0.47	0.26	0.098	0.172
0.471	0.261	0.097	0.171
0.471	0.262	0.095	0.172
0.47	0.262	0.097	0.171
0.467	0.263	0.098	0.172
0.468	0.261	0.101	0.17
0.46	0.267	0.102	0.171
0.466	0.264	0.099	0.171
0.463	0.267	0.1	0.17
0.463	0.269	0.098	0.17
0.463	0.265	0.102	0.17
0.461	0.265	0.104	0.17
0.463	0.264	0.104	0.169
0.458	0.264	0.109	0.169
0.453	0.268	0.108	0.171
0.452	0.269	0.107	0.172
0.453	0.268	0.108	0.171
0.452	0.267	0.109	0.172
0.455	0.266	0.109	0.17
0.461	0.26	0.107	0.172
0.466	0.258	0.104	0.172
0.462	0.259	0.108	0.171
0.462	0.258	0.109	0.171
0.467	0.257	0.103	0.173
0.464	0.26	0.103	0.173
0.465	0.26	0.102	0.173
0.463	0.26	0.105	0.172
0.458	0.264	0.104	0.174
0.459	0.265	0.103	0.173
0.461	0.265	0.103	0.171
0.462	0.265	0.102	0.171
0.458	0.265	0.104	0.173
0.459	0.264	0.105	0.172
0.452	0.267	0.107	0.174
0.452	0.268	0.105	0.175
0.451	0.268	0.107	0.174
0.453	0.267	0.108	0.172
0.455	0.266	0.108	0.171
0.455	0.266	0.106	0.173
0.451	0.27	0.105	0.174
0.452	0.269	0.104	0.175
0.453	0.266	0.106	0.175
0.449	0.268	0.109	0.174
0.445	0.27	0.111	0.174
0.447	0.268	0.109	0.176
0.448	0.264	0.112	0.176
0.447	0.262	0.115	0.176
0.447	0.262	0.113	0.178
0.443	0.262	0.115	0.18
0.447	0.262	0.112	0.179
0.445	0.265	0.112	0.178
0.439	0.269	0.114	0.178
0.441	0.266	0.114	0.179
0.446	0.266	0.109	0.179
0.441	0.266	0.111	0.182
0.442	0.265	0.11	0.183
0.44	0.266	0.111	0.183
0.439	0.267	0.11	0.184
0.441	0.267	0.107	0.185
0.441	0.268	0.107	0.184
0.443	0.267	0.104	0.186
0.443	0.268	0.101	0.188
0.443	0.268	0.1	0.189
0.444	0.27	0.098	0.188
0.443	0.273	0.099	0.185
0.443	0.274	0.097	0.186
0.442	0.274	0.101	0.183
0.444	0.275	0.1	0.181
0.443	0.274	0.102	0.181
0.442	0.277	0.101	0.18
0.443	0.276	0.103	0.178
0.447	0.274	0.102	0.177
0.448	0.275	0.1	0.177
0.446	0.277	0.098	0.179
0.447	0.276	0.099	0.178
0.447	0.279	0.095	0.179
0.446	0.278	0.098	0.178
0.445	0.279	0.097	0.179
0.451	0.276	0.096	0.177
0.446	0.275	0.102	0.177
0.447	0.278	0.1	0.175
0.447	0.278	0.101	0.174
0.439	0.283	0.105	0.173
0.436	0.286	0.105	0.173
0.439	0.283	0.107	0.171
0.438	0.282	0.11	0.17
0.441	0.28	0.111	0.168
0.441	0.278	0.112	0.169
0.432	0.282	0.114	0.172
0.428	0.282	0.116	0.174
0.431	0.276	0.119	0.174
0.434	0.275	0.116	0.175
